tp: 8889
fp: 35
tn: 17338
fn: 723
precision: 0.9960779919318691
recall: 0.9247815230961298
f1: 0.959106603366422
mistakes: 27
